function [u] = create_u_test()
% Remplacez cela par vos valeurs actuelles
u(1) = 300.000000;
u(2) = 0.000001;
u(3) = 3.000000;
u(4) = 10.000000;
u(5) = 2.000000;
u(6) = 0.001000;
u(7) = 0.200000;
u(8) = 0.200000;
u(9) = 10.000000;
u(10) = 300.000000;
u(11) = 0.000001;
u(12) = 3.000000;
u(13) = 10.000000;
u(14) = 2.000000;
u(15) = 0.001000;
u(16) = 0.190000;
u(17) = 0.200000;
u(18) = 10.000000;
u(19) = 3.000000;
u(20) = 3.141593;
u(21) = 50.000000;
u(22) = 1.000000;
u(23) = 0.250000;
u(24) = 0.015000;
u(25) = 0.010000;
u(26) = 0.015000;
u(27) = 0.010000;
u(28) = 0.010000;
u(29) = 0.010000;
u(30) = 0.005000;

